{
  "nbformat": 4,
  "nbformat_minor": 0,
  "metadata": {
    "colab": {
      "provenance": []
    },
    "kernelspec": {
      "name": "python3",
      "display_name": "Python 3"
    },
    "language_info": {
      "name": "python"
    }
  },
  "cells": [
    {
      "cell_type": "code",
      "execution_count": 118,
      "metadata": {
        "colab": {
          "base_uri": "https://localhost:8080/",
          "height": 937
        },
        "id": "7Mv-pLMb0_1k",
        "outputId": "7925bc14-6529-4722-d5b7-1af7fb5bd3f1"
      },
      "outputs": [
        {
          "output_type": "display_data",
          "data": {
            "text/html": [
              "<html>\n",
              "<head><meta charset=\"utf-8\" /></head>\n",
              "<body>\n",
              "    <div>            <script src=\"https://cdnjs.cloudflare.com/ajax/libs/mathjax/2.7.5/MathJax.js?config=TeX-AMS-MML_SVG\"></script><script type=\"text/javascript\">if (window.MathJax && window.MathJax.Hub && window.MathJax.Hub.Config) {window.MathJax.Hub.Config({SVG: {font: \"STIX-Web\"}});}</script>                <script type=\"text/javascript\">window.PlotlyConfig = {MathJaxConfig: 'local'};</script>\n",
              "        <script charset=\"utf-8\" src=\"https://cdn.plot.ly/plotly-2.35.2.min.js\"></script>                <div id=\"e570a918-3be8-45a5-8cd6-d9110aff0de4\" class=\"plotly-graph-div\" style=\"height:900px; width:800px;\"></div>            <script type=\"text/javascript\">                                    window.PLOTLYENV=window.PLOTLYENV || {};                                    if (document.getElementById(\"e570a918-3be8-45a5-8cd6-d9110aff0de4\")) {                    Plotly.newPlot(                        \"e570a918-3be8-45a5-8cd6-d9110aff0de4\",                        [{\"x\":[-10.0,-9.797979797979798,-9.595959595959595,-9.393939393939394,-9.191919191919192,-8.98989898989899,-8.787878787878787,-8.585858585858587,-8.383838383838384,-8.181818181818182,-7.979797979797979,-7.777777777777778,-7.575757575757576,-7.373737373737374,-7.171717171717171,-6.96969696969697,-6.767676767676768,-6.565656565656566,-6.363636363636363,-6.161616161616162,-5.959595959595959,-5.757575757575758,-5.555555555555555,-5.353535353535354,-5.151515151515151,-4.94949494949495,-4.747474747474747,-4.545454545454546,-4.343434343434343,-4.141414141414142,-3.9393939393939394,-3.737373737373738,-3.5353535353535355,-3.333333333333333,-3.1313131313131315,-2.929292929292929,-2.7272727272727275,-2.525252525252525,-2.3232323232323235,-2.121212121212121,-1.9191919191919187,-1.717171717171718,-1.5151515151515156,-1.3131313131313131,-1.1111111111111107,-0.9090909090909101,-0.7070707070707076,-0.5050505050505052,-0.30303030303030276,-0.10101010101010033,0.10101010101010033,0.30303030303030276,0.5050505050505052,0.7070707070707076,0.9090909090909083,1.1111111111111107,1.3131313131313131,1.5151515151515156,1.7171717171717162,1.9191919191919187,2.121212121212121,2.3232323232323235,2.525252525252524,2.7272727272727266,2.929292929292929,3.1313131313131315,3.333333333333334,3.5353535353535346,3.737373737373737,3.9393939393939394,4.141414141414142,4.3434343434343425,4.545454545454545,4.747474747474747,4.94949494949495,5.1515151515151505,5.353535353535353,5.555555555555555,5.757575757575758,5.9595959595959584,6.161616161616163,6.363636363636363,6.565656565656564,6.767676767676768,6.969696969696969,7.171717171717173,7.373737373737374,7.575757575757574,7.777777777777779,7.979797979797979,8.18181818181818,8.383838383838384,8.585858585858585,8.787878787878789,8.98989898989899,9.19191919191919,9.393939393939394,9.595959595959595,9.7979797979798,10.0],\"y\":[-10.0,-9.797979797979798,-9.595959595959595,-9.393939393939394,-9.191919191919192,-8.98989898989899,-8.787878787878787,-8.585858585858587,-8.383838383838384,-8.181818181818182,-7.979797979797979,-7.777777777777778,-7.575757575757576,-7.373737373737374,-7.171717171717171,-6.96969696969697,-6.767676767676768,-6.565656565656566,-6.363636363636363,-6.161616161616162,-5.959595959595959,-5.757575757575758,-5.555555555555555,-5.353535353535354,-5.151515151515151,-4.94949494949495,-4.747474747474747,-4.545454545454546,-4.343434343434343,-4.141414141414142,-3.9393939393939394,-3.737373737373738,-3.5353535353535355,-3.333333333333333,-3.1313131313131315,-2.929292929292929,-2.7272727272727275,-2.525252525252525,-2.3232323232323235,-2.121212121212121,-1.9191919191919187,-1.717171717171718,-1.5151515151515156,-1.3131313131313131,-1.1111111111111107,-0.9090909090909101,-0.7070707070707076,-0.5050505050505052,-0.30303030303030276,-0.10101010101010033,0.10101010101010033,0.30303030303030276,0.5050505050505052,0.7070707070707076,0.9090909090909083,1.1111111111111107,1.3131313131313131,1.5151515151515156,1.7171717171717162,1.9191919191919187,2.121212121212121,2.3232323232323235,2.525252525252524,2.7272727272727266,2.929292929292929,3.1313131313131315,3.333333333333334,3.5353535353535346,3.737373737373737,3.9393939393939394,4.141414141414142,4.3434343434343425,4.545454545454545,4.747474747474747,4.94949494949495,5.1515151515151505,5.353535353535353,5.555555555555555,5.757575757575758,5.9595959595959584,6.161616161616163,6.363636363636363,6.565656565656564,6.767676767676768,6.969696969696969,7.171717171717173,7.373737373737374,7.575757575757574,7.777777777777779,7.979797979797979,8.18181818181818,8.383838383838384,8.585858585858585,8.787878787878789,8.98989898989899,9.19191919191919,9.393939393939394,9.595959595959595,9.7979797979798,10.0],\"z\":[[200.0,196.00040812162024,192.08244056728904,188.24609733700643,184.4913784307724,180.81828384858687,177.22681359044992,173.7169676563616,170.28874604632182,166.94214876033058,163.6771757983879,160.49382716049382,157.3921028466483,154.37200285685134,151.43352719110294,148.57667584940313,145.80144883175188,143.10784613814917,140.49586776859505,137.9655137230895,135.5167840016325,133.14967860422405,130.8641975308642,128.66034078155292,126.53810835629017,124.49750025507602,122.53851647791042,120.6611570247934,118.86542189572492,117.15131109070504,115.5188246097337,113.96796245281094,112.49872461993674,111.11111111111111,109.80512192633405,108.58075706560555,107.43801652892562,106.37690031629425,105.39740842771145,104.49954086317723,103.68329762269155,102.94867870625447,102.29568411386593,101.72431384552597,101.23456790123457,100.82644628099173,100.49994898479747,100.25507601265177,100.09182736455463,100.01020304050607,100.01020304050607,100.09182736455463,100.25507601265177,100.49994898479747,100.82644628099173,101.23456790123457,101.72431384552597,102.29568411386593,102.94867870625446,103.68329762269155,104.49954086317723,105.39740842771145,106.37690031629425,107.43801652892562,108.58075706560555,109.80512192633405,111.11111111111111,112.49872461993674,113.96796245281094,115.5188246097337,117.15131109070504,118.86542189572492,120.66115702479338,122.53851647791042,124.49750025507602,126.53810835629017,128.6603407815529,130.8641975308642,133.14967860422405,135.51678400163246,137.9655137230895,140.49586776859505,143.10784613814914,145.80144883175188,148.5766758494031,151.43352719110297,154.37200285685134,157.39210284664827,160.49382716049382,163.6771757983879,166.94214876033055,170.28874604632182,173.7169676563616,177.22681359044998,180.81828384858687,184.49137843077233,188.24609733700643,192.08244056728904,196.00040812162027,200.0],[196.00040812162024,192.00081624324048,188.08284868890928,184.24650545862667,180.49178655239263,176.8186919702071,173.22722171207016,169.71737577798183,166.28915416794206,162.94255688195082,159.67758392000815,156.49423528211406,153.39251096826854,150.37241097847158,147.43393531272318,144.57708397102337,141.80185695337212,139.1082542597694,136.4962758902153,133.96592184470973,131.51719212325273,129.1500867258443,126.86460565248444,124.66074890317314,122.5385164779104,120.49790837669626,118.53892459953066,116.66156514641364,114.86583001734516,113.15171921232528,111.51923273135394,109.96837057443118,108.49913274155698,107.11151923273135,105.80553004795429,104.58116518722579,103.43842465054585,102.3773084379145,101.3978165493317,100.49994898479747,99.6837057443118,98.94908682787471,98.29609223548617,97.72472196714621,97.23497602285481,96.82685440261197,96.50035710641771,96.25548413427201,96.09223548617487,96.01061116212631,96.01061116212631,96.09223548617487,96.25548413427201,96.50035710641771,96.82685440261197,97.23497602285481,97.72472196714621,98.29609223548617,98.9490868278747,99.6837057443118,100.49994898479747,101.3978165493317,102.3773084379145,103.43842465054585,104.58116518722579,105.80553004795429,107.11151923273135,108.49913274155698,109.96837057443118,111.51923273135394,113.15171921232528,114.86583001734516,116.66156514641362,118.53892459953066,120.49790837669626,122.5385164779104,124.66074890317313,126.86460565248444,129.1500867258443,131.5171921232527,133.96592184470973,136.4962758902153,139.10825425976938,141.80185695337212,144.57708397102334,147.4339353127232,150.37241097847158,153.3925109682685,156.49423528211406,159.67758392000815,162.9425568819508,166.28915416794206,169.71737577798183,173.22722171207022,176.8186919702071,180.49178655239257,184.24650545862667,188.08284868890928,192.0008162432405,196.00040812162024],[192.08244056728904,188.08284868890928,184.16488113457808,180.32853790429547,176.57381899806143,172.9007244158759,169.30925415773896,165.79940822365063,162.37118661361086,159.02458932761962,155.75961636567695,152.57626772778286,149.47454341393734,146.45444342414038,143.51596775839198,140.65911641669217,137.88388939904092,135.1902867054382,132.5783083358841,130.04795429037853,127.59922456892153,125.2321191715131,122.94663809815324,120.74278134884194,118.62054892357921,116.57994082236506,114.62095704519946,112.74359759208244,110.94786246301396,109.23375165799408,107.60126517702274,106.05040302009998,104.58116518722578,103.19355167840015,101.8875624936231,100.6631976328946,99.52045709621466,98.4593408835833,97.4798489950005,96.58198143046627,95.7657381899806,95.03111927354351,94.37812468115497,93.80675441281501,93.31700846852361,92.90888684828077,92.58238955208651,92.33751657994081,92.17426793184367,92.09264360779511,92.09264360779511,92.17426793184367,92.33751657994081,92.58238955208651,92.90888684828077,93.31700846852361,93.80675441281501,94.37812468115497,95.0311192735435,95.7657381899806,96.58198143046627,97.4798489950005,98.4593408835833,99.52045709621466,100.6631976328946,101.8875624936231,103.19355167840015,104.58116518722578,106.05040302009998,107.60126517702274,109.23375165799408,110.94786246301396,112.74359759208242,114.62095704519946,116.57994082236506,118.62054892357921,120.74278134884193,122.94663809815324,125.2321191715131,127.59922456892151,130.04795429037853,132.5783083358841,135.19028670543818,137.88388939904092,140.65911641669214,143.515967758392,146.45444342414038,149.4745434139373,152.57626772778286,155.75961636567695,159.0245893276196,162.37118661361086,165.79940822365063,169.30925415773902,172.9007244158759,176.57381899806137,180.32853790429547,184.16488113457808,188.0828486889093,192.08244056728904],[188.24609733700643,184.24650545862667,180.32853790429547,176.49219467401286,172.7374757677788,169.0643811855933,165.47291092745638,161.96306499336805,158.53484338332822,155.18824609733701,151.92327313539434,148.73992449750025,145.63820018365473,142.61810019385777,139.67962452810937,136.82277318640956,134.0475461687583,131.3539434751556,128.74196510560148,126.21161106009592,123.76288133863892,121.3957759412305,119.11029486787064,116.90643811855934,114.7842056932966,112.74359759208245,110.78461381491685,108.90725436179983,107.11151923273135,105.39740842771147,103.76492194674013,102.21405978981737,100.74482195694317,99.35720844811755,98.05121926334049,96.82685440261199,95.68411386593205,94.62299765330069,93.64350576471789,92.74563820018366,91.92939495969799,91.1947760432609,90.54178145087236,89.9704111825324,89.480665238241,89.07254361799816,88.7460463218039,88.5011733496582,88.33792470156106,88.2563003775125,88.2563003775125,88.33792470156106,88.5011733496582,88.7460463218039,89.07254361799816,89.480665238241,89.9704111825324,90.54178145087236,91.19477604326089,91.92939495969799,92.74563820018366,93.64350576471789,94.62299765330069,95.68411386593205,96.82685440261199,98.05121926334049,99.35720844811755,100.74482195694317,102.21405978981737,103.76492194674013,105.39740842771147,107.11151923273135,108.90725436179982,110.78461381491685,112.74359759208245,114.7842056932966,116.90643811855932,119.11029486787064,121.3957759412305,123.7628813386389,126.21161106009592,128.74196510560148,131.35394347515557,134.0475461687583,136.82277318640953,139.6796245281094,142.61810019385777,145.6382001836547,148.73992449750028,151.92327313539434,155.188246097337,158.53484338332822,161.963064993368,165.4729109274564,169.0643811855933,172.7374757677788,176.49219467401286,180.32853790429547,184.2465054586267,188.24609733700643],[184.4913784307724,180.49178655239263,176.57381899806143,172.7374757677788,168.98275686154474,165.30966227935926,161.7181920212223,158.20834608713398,154.78012447709418,151.43352719110294,148.1685542291603,144.9852055912662,141.88348127742069,138.86338128762372,135.92490562187533,133.0680542801755,130.29282726252424,127.59922456892154,124.9872461993674,122.45689215386184,120.00816243240484,117.64105703499644,115.35557596163656,113.15171921232528,111.02948678706255,108.98887868584839,107.02989490868279,105.15253545556577,103.3568003264973,101.64268952147741,100.01020304050607,98.45934088358331,96.99010305070911,95.60248954188349,94.29650035710642,93.07213549637792,91.92939495969799,90.86827874706663,89.88878685848383,88.9909192939496,88.17467605346393,87.44005713702684,86.7870625446383,86.21569227629834,85.72594633200694,85.3178247117641,84.99132741556984,84.74645444342414,84.583205795327,84.50158147127844,84.50158147127844,84.583205795327,84.74645444342414,84.99132741556984,85.3178247117641,85.72594633200694,86.21569227629834,86.7870625446383,87.44005713702683,88.17467605346393,88.9909192939496,89.88878685848383,90.86827874706663,91.92939495969799,93.07213549637792,94.29650035710642,95.60248954188349,96.99010305070911,98.45934088358331,100.01020304050607,101.64268952147741,103.3568003264973,105.15253545556575,107.02989490868279,108.98887868584839,111.02948678706254,113.15171921232528,115.35557596163656,117.64105703499644,120.00816243240484,122.45689215386187,124.9872461993674,127.59922456892153,130.29282726252424,133.0680542801755,135.92490562187533,138.86338128762372,141.88348127742066,144.9852055912662,148.1685542291603,151.43352719110294,154.78012447709418,158.20834608713395,161.71819202122236,165.30966227935926,168.98275686154471,172.7374757677788,176.57381899806143,180.49178655239263,184.4913784307724],[180.81828384858687,176.8186919702071,172.9007244158759,169.0643811855933,165.30966227935926,161.63656769717375,158.0450974390368,154.53525150494846,151.1070298949087,147.76043260891745,144.49545964697478,141.3121110090807,138.21038669523517,135.1902867054382,132.2518110396898,129.39495969799,126.61973268033874,123.92612998673604,121.31415161718192,118.78379757167636,116.33506785021936,113.96796245281094,111.68248137945108,109.47862463013978,107.35639220487704,105.31578410366289,103.3568003264973,101.47944087338027,99.6837057443118,97.96959493929191,96.33710845832057,94.78624630139781,93.31700846852361,91.92939495969799,90.62340577492093,89.39904091419243,88.25630037751249,87.19518416488113,86.21569227629833,85.3178247117641,84.50158147127843,83.76696255484134,83.1139679624528,82.54259769411284,82.05285174982144,81.6447301295786,81.31823283338434,81.07335986123864,80.9101112131415,80.82848688909294,80.82848688909294,80.9101112131415,81.07335986123864,81.31823283338434,81.6447301295786,82.05285174982144,82.54259769411284,83.1139679624528,83.76696255484133,84.50158147127843,85.3178247117641,86.21569227629833,87.19518416488113,88.25630037751249,89.39904091419243,90.62340577492093,91.92939495969799,93.31700846852361,94.78624630139781,96.33710845832057,97.96959493929191,99.6837057443118,101.47944087338026,103.3568003264973,105.31578410366289,107.35639220487704,109.47862463013976,111.68248137945108,113.96796245281094,116.33506785021935,118.78379757167636,121.31415161718192,123.92612998673602,126.61973268033874,129.39495969798998,132.25181103968984,135.1902867054382,138.21038669523514,141.3121110090807,144.49545964697478,147.76043260891743,151.1070298949087,154.53525150494846,158.04509743903685,161.63656769717375,165.3096622793592,169.0643811855933,172.9007244158759,176.81869197020714,180.81828384858687],[177.22681359044992,173.22722171207016,169.30925415773896,165.47291092745638,161.7181920212223,158.0450974390368,154.45362718089987,150.94378124681154,147.51555963677174,144.16896235078053,140.90398938883783,137.72064075094374,134.61891643709825,131.59881644730126,128.66034078155286,125.80348943985305,123.0282624222018,120.3346597285991,117.72268135904497,115.19232731353941,112.74359759208241,110.376492194674,108.09101112131412,105.88715437200284,103.76492194674012,101.72431384552596,99.76533006836036,97.88797061524333,96.09223548617486,94.37812468115497,92.74563820018363,91.19477604326087,89.72553821038667,88.33792470156105,87.03193551678399,85.80757065605549,84.66483011937555,83.60371390674419,82.62422201816139,81.72635445362717,80.91011121314149,80.1754922967044,79.52249770431587,78.9511274359759,78.4613814916845,78.05325987144167,77.7267625752474,77.4818896031017,77.31864095500457,77.237016630956,77.237016630956,77.31864095500457,77.4818896031017,77.7267625752474,78.05325987144167,78.4613814916845,78.9511274359759,79.52249770431587,80.17549229670439,80.91011121314149,81.72635445362717,82.62422201816139,83.60371390674419,84.66483011937555,85.80757065605549,87.03193551678399,88.33792470156105,89.72553821038667,91.19477604326087,92.74563820018363,94.37812468115497,96.09223548617486,97.88797061524332,99.76533006836036,101.72431384552596,103.7649219467401,105.88715437200284,108.09101112131412,110.376492194674,112.74359759208241,115.19232731353944,117.72268135904497,120.33465972859909,123.0282624222018,125.80348943985305,128.66034078155292,131.59881644730126,134.61891643709822,137.72064075094377,140.90398938883783,144.16896235078048,147.51555963677174,150.9437812468115,154.4536271808999,158.0450974390368,161.71819202122228,165.47291092745638,169.30925415773896,173.22722171207022,177.22681359044992],[173.7169676563616,169.71737577798183,165.79940822365063,161.96306499336805,158.20834608713398,154.53525150494846,150.94378124681154,147.4339353127232,144.0057137026834,140.6591164166922,137.3941434547495,134.2107948168554,131.10907050300992,128.08897051321293,125.15049484746454,122.29364350576472,119.51841648811347,116.82481379451077,114.21283542495664,111.68248137945108,109.23375165799408,106.86664626058567,104.58116518722579,102.37730843791451,100.25507601265178,98.21446791143762,96.25548413427202,94.378124681155,92.58238955208652,90.86827874706664,89.2357922660953,87.68493010917254,86.21569227629834,84.82807876747272,83.52208958269566,82.29772472196716,81.15498418528722,80.09386797265586,79.11437608407306,78.21650851953883,77.40026527905316,76.66564636261607,76.01265177022754,75.44128150188757,74.95153555759617,74.54341393735334,74.21691664115907,73.97204366901337,73.80879502091624,73.72717069686767,73.72717069686767,73.80879502091624,73.97204366901337,74.21691664115907,74.54341393735334,74.95153555759617,75.44128150188757,76.01265177022754,76.66564636261606,77.40026527905316,78.21650851953883,79.11437608407306,80.09386797265586,81.15498418528722,82.29772472196716,83.52208958269566,84.82807876747272,86.21569227629834,87.68493010917254,89.2357922660953,90.86827874706664,92.58238955208652,94.37812468115499,96.25548413427202,98.21446791143762,100.25507601265177,102.37730843791451,104.58116518722579,106.86664626058567,109.23375165799408,111.6824813794511,114.21283542495664,116.82481379451076,119.51841648811347,122.29364350576472,125.15049484746457,128.08897051321293,131.1090705030099,134.21079481685544,137.3941434547495,140.65911641669214,144.0057137026834,147.43393531272318,150.94378124681157,154.53525150494846,158.20834608713395,161.96306499336805,165.79940822365063,169.71737577798189,173.7169676563616],[170.28874604632182,166.28915416794206,162.37118661361086,158.53484338332822,154.78012447709418,151.1070298949087,147.51555963677174,144.0057137026834,140.5774920926436,137.23089480665237,133.96592184470973,130.78257320681564,127.68084889297012,124.66074890317314,121.72227323742474,118.86542189572492,116.09019487807367,113.39659218447098,110.78461381491684,108.25425976941128,105.80553004795428,103.43842465054587,101.152943577186,98.94908682787471,96.82685440261199,94.78624630139782,92.82726252423222,90.9499030711152,89.15416794204673,87.44005713702684,85.8075706560555,84.25670849913274,82.78747066625854,81.39985715743292,80.09386797265586,78.86950311192736,77.72676257524742,76.66564636261606,75.68615447403326,74.78828690949904,73.97204366901336,73.23742475257627,72.58443016018774,72.01305989184777,71.52331394755637,71.11519232731354,70.78869503111927,70.54382205897357,70.38057341087644,70.29894908682788,70.29894908682788,70.38057341087644,70.54382205897357,70.78869503111927,71.11519232731354,71.52331394755637,72.01305989184777,72.58443016018774,73.23742475257626,73.97204366901336,74.78828690949904,75.68615447403326,76.66564636261606,77.72676257524742,78.86950311192736,80.09386797265586,81.39985715743292,82.78747066625854,84.25670849913274,85.8075706560555,87.44005713702684,89.15416794204673,90.94990307111519,92.82726252423222,94.78624630139782,96.82685440261197,98.94908682787471,101.152943577186,103.43842465054587,105.80553004795428,108.2542597694113,110.78461381491684,113.39659218447096,116.09019487807367,118.86542189572492,121.72227323742477,124.66074890317314,127.68084889297009,130.78257320681564,133.96592184470973,137.23089480665237,140.5774920926436,144.00571370268338,147.5155596367718,151.1070298949087,154.78012447709415,158.53484338332822,162.37118661361086,166.28915416794206,170.28874604632182],[166.94214876033058,162.94255688195082,159.02458932761962,155.18824609733701,151.43352719110294,147.76043260891745,144.16896235078053,140.6591164166922,137.23089480665237,133.88429752066116,130.6193245587185,127.4359759208244,124.33425160697888,121.31415161718192,118.37567595143352,115.51882460973371,112.74359759208245,110.04999489847975,107.43801652892563,104.90766248342007,102.45893276196307,100.09182736455465,97.80634629119479,95.60248954188349,93.48025711662075,91.4396490154066,89.480665238241,87.60330578512398,85.8075706560555,84.09345985103562,82.46097337006428,80.91011121314152,79.44087338026732,78.0532598714417,76.74727068666463,75.52290582593614,74.3801652892562,73.31904907662484,72.33955718804204,71.44168962350781,70.62544638302214,69.89082746658505,69.23783287419651,68.66646260585655,68.17671666156515,67.76859504132231,67.44209774512805,67.19722477298235,67.03397612488521,66.95235180083665,66.95235180083665,67.03397612488521,67.19722477298235,67.44209774512805,67.76859504132231,68.17671666156515,68.66646260585655,69.23783287419651,69.89082746658504,70.62544638302214,71.44168962350781,72.33955718804204,73.31904907662484,74.3801652892562,75.52290582593614,76.74727068666463,78.0532598714417,79.44087338026732,80.91011121314152,82.46097337006428,84.09345985103562,85.8075706560555,87.60330578512396,89.480665238241,91.4396490154066,93.48025711662075,95.60248954188347,97.80634629119479,100.09182736455465,102.45893276196306,104.90766248342007,107.43801652892563,110.04999489847972,112.74359759208245,115.51882460973368,118.37567595143355,121.31415161718192,124.33425160697885,127.43597592082442,130.6193245587185,133.88429752066114,137.23089480665237,140.65911641669214,144.16896235078056,147.76043260891745,151.43352719110294,155.18824609733701,159.02458932761962,162.94255688195085,166.94214876033058],[163.6771757983879,159.67758392000815,155.75961636567695,151.92327313539434,148.1685542291603,144.49545964697478,140.90398938883783,137.3941434547495,133.96592184470973,130.6193245587185,127.35435159677581,124.17100295888173,121.0692786450362,118.04917865523925,115.11070298949085,112.25385164779104,109.47862463013978,106.78502193653708,104.17304356698295,101.6426895214774,99.1939598000204,96.82685440261197,94.54137332925211,92.33751657994081,90.21528415467807,88.17467605346393,86.21569227629833,84.3383328231813,82.54259769411283,80.82848688909294,79.1960004081216,77.64513825119884,76.17590041832464,74.78828690949902,73.48229772472196,72.25793286399346,71.11519232731352,70.05407611468216,69.07458422609936,68.17671666156514,67.36047342107946,66.62585450464238,65.97285991225384,65.40148964391388,64.91174369962248,64.50362207937964,64.17712478318538,63.93225181103968,63.769003162942546,63.68737883889398,63.68737883889398,63.769003162942546,63.93225181103968,64.17712478318538,64.50362207937964,64.91174369962248,65.40148964391388,65.97285991225384,66.62585450464236,67.36047342107946,68.17671666156514,69.07458422609936,70.05407611468216,71.11519232731352,72.25793286399346,73.48229772472196,74.78828690949902,76.17590041832464,77.64513825119884,79.1960004081216,80.82848688909294,82.54259769411283,84.33833282318129,86.21569227629833,88.17467605346393,90.21528415467807,92.3375165799408,94.54137332925211,96.82685440261197,99.19395980002038,101.6426895214774,104.17304356698295,106.78502193653705,109.47862463013978,112.25385164779101,115.11070298949087,118.04917865523925,121.06927864503618,124.17100295888174,127.35435159677581,130.61932455871846,133.96592184470973,137.3941434547495,140.90398938883789,144.49545964697478,148.16855422916024,151.92327313539434,155.75961636567695,159.67758392000817,163.6771757983879],[160.49382716049382,156.49423528211406,152.57626772778286,148.73992449750025,144.9852055912662,141.3121110090807,137.72064075094374,134.2107948168554,130.78257320681564,127.4359759208244,124.17100295888173,120.98765432098764,117.88593000714212,114.86583001734516,111.92735435159676,109.07050300989695,106.29527599224569,103.601673298643,100.98969492908887,98.45934088358331,96.01061116212631,93.64350576471789,91.35802469135803,89.15416794204673,87.03193551678399,84.99132741556984,83.03234363840424,81.15498418528722,79.35924905621874,77.64513825119886,76.01265177022752,74.46178961330476,72.99255178043056,71.60493827160494,70.29894908682788,69.07458422609938,67.93184368941944,66.87072747678808,65.89123558820528,64.99336802367105,64.17712478318538,63.44250586674829,62.789511274359754,62.21814100601979,61.72839506172839,61.32027344148556,60.99377614529129,60.74890317314559,60.58565452504846,60.50403020099989,60.50403020099989,60.58565452504846,60.74890317314559,60.99377614529129,61.320273441485554,61.72839506172839,62.21814100601979,62.789511274359754,63.442505866748284,64.17712478318538,64.99336802367105,65.89123558820528,66.87072747678808,67.93184368941944,69.07458422609938,70.29894908682788,71.60493827160494,72.99255178043056,74.46178961330476,76.01265177022752,77.64513825119886,79.35924905621874,81.1549841852872,83.03234363840424,84.99132741556984,87.03193551678399,89.15416794204671,91.35802469135803,93.64350576471789,96.0106111621263,98.45934088358331,100.98969492908887,103.60167329864296,106.29527599224569,109.07050300989692,111.92735435159679,114.86583001734516,117.8859300071421,120.98765432098766,124.17100295888173,127.43597592082438,130.78257320681564,134.2107948168554,137.7206407509438,141.3121110090807,144.98520559126615,148.73992449750025,152.57626772778286,156.4942352821141,160.49382716049382],[157.3921028466483,153.39251096826854,149.47454341393734,145.63820018365473,141.88348127742069,138.21038669523517,134.61891643709825,131.10907050300992,127.68084889297012,124.33425160697888,121.0692786450362,117.88593000714212,114.78420569329661,111.76410570349964,108.82563003775124,105.96877869605143,103.19355167840018,100.49994898479747,97.88797061524335,95.35761656973779,92.90888684828079,90.54178145087238,88.2563003775125,86.05244362820122,83.93021120293848,81.88960310172432,79.93061932455872,78.0532598714417,76.25752474237323,74.54341393735334,72.91092745638201,71.36006529945925,69.89082746658505,68.50321395775941,67.19722477298235,65.97285991225385,64.83011937557393,63.76900316294256,62.78951127435977,61.89164370982553,61.07540046933987,60.340781552902776,59.68778696051424,59.116416692174276,58.626670747882876,58.218549127640046,57.89205183144578,57.64717885930008,57.483930211202946,57.40230588715438,57.40230588715438,57.483930211202946,57.64717885930008,57.89205183144578,58.21854912764004,58.626670747882876,59.116416692174276,59.68778696051424,60.34078155290277,61.07540046933987,61.89164370982553,62.78951127435977,63.76900316294255,64.83011937557393,65.97285991225385,67.19722477298235,68.50321395775941,69.89082746658504,71.36006529945924,72.91092745638201,74.54341393735334,76.25752474237322,78.0532598714417,79.93061932455872,81.88960310172432,83.93021120293847,86.0524436282012,88.2563003775125,90.54178145087238,92.90888684828079,95.3576165697378,97.88797061524335,100.49994898479746,103.19355167840018,105.96877869605142,108.82563003775127,111.76410570349964,114.78420569329658,117.88593000714215,121.0692786450362,124.33425160697885,127.68084889297012,131.1090705030099,134.61891643709828,138.21038669523517,141.88348127742066,145.63820018365473,149.47454341393734,153.39251096826857,157.3921028466483],[154.37200285685134,150.37241097847158,146.45444342414038,142.61810019385777,138.86338128762372,135.1902867054382,131.59881644730126,128.08897051321293,124.66074890317314,121.31415161718192,118.04917865523925,114.86583001734516,111.76410570349964,108.74400571370268,105.80553004795428,102.94867870625447,100.17345168860321,97.47984899500051,94.86787062544639,92.33751657994083,89.88878685848383,87.5216814610754,85.23620038771554,83.03234363840424,80.9101112131415,78.86950311192736,76.91051933476176,75.03315988164474,73.23742475257626,71.52331394755637,69.89082746658504,68.33996530966228,66.87072747678808,65.48311396796245,64.17712478318539,62.95275992245689,61.81001938577696,60.74890317314559,59.7694112845628,58.87154372002856,58.0553004795429,57.32068156310581,56.66768697071727,56.09631670237731,55.60657075808591,55.19844913784308,54.87195184164881,54.62707886950311,54.46383022140598,54.38220589735741,54.38220589735741,54.46383022140598,54.62707886950311,54.87195184164881,55.19844913784307,55.60657075808591,56.09631670237731,56.66768697071727,57.3206815631058,58.0553004795429,58.87154372002856,59.7694112845628,60.74890317314559,61.810019385776954,62.95275992245689,64.17712478318539,65.48311396796245,66.87072747678808,68.33996530966228,69.89082746658504,71.52331394755637,73.23742475257626,75.03315988164472,76.91051933476176,78.86950311192736,80.9101112131415,83.03234363840423,85.23620038771554,87.5216814610754,89.88878685848381,92.33751657994083,94.86787062544639,97.47984899500048,100.17345168860321,102.94867870625444,105.8055300479543,108.74400571370268,111.76410570349961,114.86583001734517,118.04917865523925,121.31415161718189,124.66074890317314,128.08897051321293,131.59881644730132,135.1902867054382,138.86338128762367,142.61810019385777,146.45444342414038,150.3724109784716,154.37200285685134],[151.43352719110294,147.43393531272318,143.51596775839198,139.67962452810937,135.92490562187533,132.2518110396898,128.66034078155286,125.15049484746454,121.72227323742474,118.37567595143352,115.11070298949085,111.92735435159676,108.82563003775124,105.80553004795428,102.86705438220588,100.01020304050607,97.23497602285481,94.54137332925211,91.92939495969799,89.39904091419243,86.95031119273543,84.583205795327,82.29772472196714,80.09386797265584,77.9716355473931,75.93102744617896,73.97204366901336,72.09468421589634,70.29894908682786,68.58483828180798,66.95235180083664,65.40148964391388,63.93225181103968,62.54463830221405,61.23864911743699,60.01428425670849,58.87154372002856,57.81042750739719,56.8309356188144,55.93306805428016,55.1168248137945,54.38220589735741,53.72921130496887,53.15784103662891,52.66809509233751,52.25997347209468,51.93347617590041,51.68860320375471,51.52535455565758,51.44373023160901,51.44373023160901,51.52535455565758,51.68860320375471,51.93347617590041,52.25997347209467,52.66809509233751,53.15784103662891,53.72921130496887,54.3822058973574,55.1168248137945,55.93306805428016,56.8309356188144,57.81042750739719,58.871543720028555,60.01428425670849,61.23864911743699,62.544638302214054,63.93225181103968,65.40148964391388,66.95235180083664,68.58483828180798,70.29894908682786,72.09468421589632,73.97204366901336,75.93102744617896,77.9716355473931,80.09386797265583,82.29772472196714,84.583205795327,86.95031119273541,89.39904091419243,91.92939495969799,94.54137332925208,97.23497602285481,100.01020304050604,102.86705438220591,105.80553004795428,108.82563003775121,111.92735435159678,115.11070298949085,118.3756759514335,121.72227323742474,125.15049484746451,128.66034078155292,132.2518110396898,135.92490562187527,139.67962452810937,143.51596775839198,147.4339353127232,151.43352719110294],[148.57667584940313,144.57708397102337,140.65911641669217,136.82277318640956,133.0680542801755,129.39495969799,125.80348943985305,122.29364350576472,118.86542189572492,115.51882460973371,112.25385164779104,109.07050300989695,105.96877869605143,102.94867870625447,100.01020304050607,97.15335169880625,94.37812468115499,91.6845219875523,89.07254361799816,86.5421895724926,84.0934598510356,81.72635445362718,79.44087338026732,77.23701663095603,75.1147842056933,73.07417610447914,71.11519232731354,69.23783287419651,67.44209774512805,65.72798694010815,64.09550045913683,62.54463830221407,61.07540046933987,59.68778696051423,58.38179777573717,57.15743291500867,56.014692378328746,54.95357616569738,53.974084277114585,53.07621671258035,52.259973472094686,51.52535455565759,50.872359963269055,50.30098969492909,49.81124375063769,49.40312213039486,49.076624834200594,48.831751862054894,48.66850321395776,48.586878889909194,48.586878889909194,48.66850321395776,48.831751862054894,49.076624834200594,49.403122130394856,49.81124375063769,50.30098969492909,50.872359963269055,51.525354555657586,52.259973472094686,53.07621671258035,53.974084277114585,54.95357616569737,56.01469237832874,57.15743291500867,58.38179777573717,59.68778696051424,61.07540046933986,62.54463830221406,64.09550045913683,65.72798694010815,67.44209774512804,69.2378328741965,71.11519232731354,73.07417610447914,75.11478420569328,77.23701663095602,79.44087338026732,81.72635445362718,84.09345985103559,86.54218957249262,89.07254361799816,91.68452198755227,94.37812468115499,97.15335169880623,100.0102030405061,102.94867870625447,105.9687786960514,109.07050300989695,112.25385164779104,115.51882460973368,118.86542189572492,122.29364350576469,125.80348943985311,129.39495969799,133.06805428017546,136.82277318640956,140.65911641669217,144.5770839710234,148.57667584940313],[145.80144883175188,141.80185695337212,137.88388939904092,134.0475461687583,130.29282726252424,126.61973268033874,123.0282624222018,119.51841648811347,116.09019487807367,112.74359759208245,109.47862463013978,106.29527599224569,103.19355167840018,100.17345168860321,97.23497602285481,94.37812468115499,91.60289766350374,88.90929496990104,86.2973166003469,83.76696255484134,81.31823283338434,78.95112743597593,76.66564636261606,74.46178961330477,72.33955718804205,70.29894908682789,68.33996530966229,66.46260585654527,64.66687072747679,62.952759922456906,61.32027344148557,59.76941128456281,58.30017345168861,56.91255994286298,55.60657075808592,54.38220589735742,53.23946536067749,52.178349148046124,51.19885725946333,50.30098969492909,49.48474645444343,48.75012753800634,48.0971329456178,47.52576267727784,47.03601673298644,46.62789511274361,46.30139781654934,46.05652484440364,45.89327619630651,45.81165187225794,45.81165187225794,45.89327619630651,46.05652484440364,46.30139781654934,46.6278951127436,47.03601673298644,47.52576267727784,48.0971329456178,48.75012753800633,49.48474645444343,50.30098969492909,51.19885725946333,52.178349148046124,53.239465360677485,54.38220589735742,55.60657075808592,56.912559942862984,58.30017345168861,59.76941128456281,61.32027344148557,62.952759922456906,64.66687072747679,66.46260585654525,68.33996530966229,70.29894908682789,72.33955718804204,74.46178961330477,76.66564636261606,78.95112743597593,81.31823283338434,83.76696255484137,86.2973166003469,88.90929496990103,91.60289766350374,94.37812468115499,97.23497602285484,100.17345168860321,103.19355167840015,106.2952759922457,109.47862463013978,112.74359759208242,116.09019487807367,119.51841648811344,123.02826242220185,126.61973268033874,130.2928272625242,134.0475461687583,137.88388939904092,141.80185695337212,145.80144883175188],[143.10784613814917,139.1082542597694,135.1902867054382,131.3539434751556,127.59922456892154,123.92612998673604,120.3346597285991,116.82481379451077,113.39659218447098,110.04999489847975,106.78502193653708,103.601673298643,100.49994898479747,97.47984899500051,94.54137332925211,91.6845219875523,88.90929496990104,86.21569227629834,83.60371390674422,81.07335986123866,78.62463013978166,76.25752474237323,73.97204366901337,71.76818691970207,69.64595449443934,67.60534639322519,65.64636261605959,63.76900316294257,61.97326803387409,60.25915722885421,58.62667074788287,57.07580859096011,55.60657075808591,54.21895724926028,52.91296806448322,51.688603203754724,50.54586266707479,49.484746454443425,48.50525456586063,47.607387001326394,46.79114376084073,46.05652484440364,45.4035302520151,44.83215998367514,44.34241403938374,43.93429241914091,43.60779512294664,43.36292215080094,43.19967350270381,43.11804917865524,43.11804917865524,43.19967350270381,43.36292215080094,43.60779512294664,43.9342924191409,44.34241403938374,44.83215998367514,45.4035302520151,46.05652484440363,46.79114376084073,47.607387001326394,48.50525456586063,49.484746454443425,50.545862667074786,51.688603203754724,52.91296806448322,54.218957249260285,55.60657075808591,57.07580859096011,58.62667074788287,60.25915722885421,61.97326803387409,63.76900316294255,65.64636261605959,67.60534639322519,69.64595449443934,71.76818691970206,73.97204366901337,76.25752474237323,78.62463013978164,81.07335986123866,83.60371390674422,86.21569227629831,88.90929496990104,91.68452198755227,94.54137332925214,97.47984899500051,100.49994898479744,103.60167329864301,106.78502193653708,110.04999489847972,113.39659218447098,116.82481379451075,120.33465972859915,123.92612998673604,127.59922456892151,131.3539434751556,135.1902867054382,139.10825425976944,143.10784613814917],[140.49586776859505,136.4962758902153,132.5783083358841,128.74196510560148,124.9872461993674,121.31415161718192,117.72268135904497,114.21283542495664,110.78461381491684,107.43801652892563,104.17304356698295,100.98969492908887,97.88797061524335,94.86787062544639,91.92939495969799,89.07254361799816,86.2973166003469,83.60371390674422,80.99173553719008,78.46138149168452,76.01265177022752,73.6455463728191,71.36006529945924,69.15620855014795,67.03397612488521,64.99336802367105,63.034384246505454,61.15702479338843,59.36128966431997,57.64717885930007,56.01469237832874,54.463830221405985,52.994592388531785,51.60697887970615,50.300989694929086,49.07662483420059,47.93388429752066,46.872768084889294,45.8932761963065,44.995408631772264,44.1791653912866,43.44454647484951,42.79155188246097,42.22018161412101,41.73043566982961,41.32231404958678,40.99581675339251,40.75094378124681,40.58769513314968,40.50607080910111,40.50607080910111,40.58769513314968,40.75094378124681,40.99581675339251,41.32231404958677,41.73043566982961,42.22018161412101,42.79155188246097,43.4445464748495,44.1791653912866,44.995408631772264,45.8932761963065,46.87276808488929,47.933884297520656,49.07662483420059,50.300989694929086,51.606978879706155,52.99459238853178,54.46383022140598,56.01469237832874,57.64717885930007,59.361289664319955,61.15702479338842,63.034384246505454,64.99336802367105,67.0339761248852,69.15620855014794,71.36006529945924,73.6455463728191,76.0126517702275,7